1 554
2 528
3 539
4 552
5 529
6 510
7 591
8 553
9 573
10 546
11 571
12 527
13 572
14 546
15 551
16 563
17 569
18 567
19 539
20 547
21 546
22 575
23 558
24 592
25 536
26 566
27 518
28 586
29 533
30 510
31 570
32 594
33 575
34 590
35 551
36 529
37 551
38 569
39 627
40 604
41 561
42 562
43 584
44 608
45 574
46 628
47 612
48 543
49 554
50 571
51 578
52 554
53 613
54 567
55 598
56 568
57 557
58 642
59 601
60 560
61 608
62 565
63 586
64 522
65 551
66 577
67 597
68 562
69 567
70 534
71 616
72 543
73 537
74 592
75 577
76 583
77 541
78 561
79 534
80 565
81 573
82 556
83 612
84 642
85 615
86 579
87 571
88 591
89 656
90 547
91 537
92 560
93 563
94 552
95 575
96 603
97 589
98 578
99 543
100 591
101 553
102 556
103 541
104 581
105 579
106 594
107 581
108 602
109 575
110 567
111 580
112 567
113 585
114 606
115 564
116 566
117 612
118 559
119 585
120 570
121 593
122 556
123 533
124 583
125 587
126 572
127 534
128 565
129 581
130 578
131 579
132 573
133 589
134 590
135 541
136 617
137 575
138 555
139 608
140 599
141 612
142 589
143 557
144 599
145 577
146 592
147 568
148 541
149 573
150 577
151 532
152 552
153 553
154 512
155 520
156 590
157 572
158 593
159 574
160 555
161 524
162 560
163 564
164 552
165 568
166 525
167 497
168 499
169 575
170 560
171 535
172 542
173 571
174 536
175 555
176 528
177 539
178 526
179 565
180 551
181 491
182 591
183 575
184 536
185 560
186 572
187 538
188 563
189 572
190 541
191 552
192 552
193 550
194 578
195 550
196 554
197 604
198 536
199 543
200 550
201 548
202 573
203 574
204 581
205 561
206 551
207 555
208 559
209 525
210 530
211 577
212 577
213 544
214 560
215 490
216 536
217 542
218 523
219 588
220 560
221 535
222 531
223 543
224 576
225 496
226 541
227 539
228 518
229 538
230 501
231 520
232 579
233 530
234 567
235 548
236 510
237 538
238 503
239 538
240 562
241 553
242 530
243 557
244 525
245 595
246 589
247 528
248 579
249 537
250 557
251 535
252 552
253 578
254 560
255 550
256 560
257 563
258 565
259 538
260 556
261 508
262 496
263 540
264 578
265 533
266 552
267 529
268 576
269 567
270 568
271 561
272 549
273 547
274 558
275 537
276 535
277 514
278 520
279 556
280 485
281 564
282 573
283 537
284 540
285 564
286 519
287 577
288 551
289 565
290 532
291 533
292 549
293 509
294 541
295 559
296 595
297 539
298 564
299 543
300 553
301 533
302 534
303 590
304 527
305 518
306 533
307 467
308 546
309 519
310 488
311 532
312 490
313 526
314 495
315 529
316 542
317 480
318 537
319 539
320 532
321 521
322 525
323 534
324 524
325 511
326 509
327 508
328 503
329 507
330 547
331 477
332 469
333 546
334 534
335 482
336 442
337 503
338 447
339 471
340 485
341 487
342 454
343 435
344 485
345 431
346 458
347 473
348 429
349 484
350 445
351 493
352 446
353 442
354 474
355 423
356 438
357 488
358 463
359 433
360 480
361 461
362 462
363 461
364 458
365 476
